"StudyID" "Locus1" "Locus2" "Locus3" "Locus4" "Locus5" "Locus6" "Locus7" "Locus8" "Locus9" "Locus10" "Locus11" "Locus12" "Locus13" "Locus14" "Locus15" "Locus16" "Locus17" "Locus18" "Locus19" "Locus20" "Locus21" "Locus22" "Locus23" "Locus24" "Locus25" "Locus26" "Locus27" "Locus28" "Locus29" "Locus30"
"1" "ABC001" 1 1 1 1 1 1 1 1 1 0 1 0 1 1 1 0 1 1 1 1 0 1 1 0 0 1 0 1 0 1
"2" "ABC002" 1 1 1 1 1 1 1 1 1 1 0 0 1 1 1 0 1 1 1 1 0 0 0 1 0 0 1 1 1 1
"3" "ABC003" 1 0 1 1 0 0 1 1 1 1 0 1 1 1 1 1 1 1 1 1 1 0 0 0 0 1 1 1 1 1
"4" "ABC004" 1 1 1 1 1 1 1 1 1 1 1 0 1 1 1 1 1 1 1 1 0 1 1 0 0 0 1 1 1 1
"5" "ABC005" 1 1 1 1 1 1 1 1 1 1 0 1 1 1 1 0 1 1 1 1 1 0 0 1 1 1 1 1 1 0
"6" "ABC006" 1 0 1 0 1 1 1 1 1 0 1 1 1 1 1 1 1 1 1 1 0 1 1 1 0 0 1 1 1 0
"7" "ABC007" 1 0 0 1 1 1 1 1 1 1 1 1 1 1 1 1 1 1 1 1 0 0 0 1 1 0 1 0 1 0
"8" "ABC008" 0 1 1 1 1 1 0 1 1 1 0 0 1 1 1 1 1 1 1 1 1 0 0 1 0 1 0 1 1 1
"9" "ABC009" 0 1 0 0 1 1 1 1 1 0 1 1 1 1 0 0 1 1 1 1 1 1 1 0 0 0 0 1 0 1
"10" "ABC010" 0 1 1 1 1 1 1 1 1 1 1 1 1 1 0 1 1 1 1 0 1 1 1 0 1 1 0 0 0 1
"11" "ABC011" 1 1 1 0 1 1 1 0 1 1 0 1 1 1 1 1 1 0 1 1 1 1 1 0 0 0 1 1 0 1
"12" "ABC012" 1 1 0 1 1 1 1 0 1 0 1 0 1 1 0 0 1 1 1 1 0 1 1 1 1 1 1 0 1 1
"13" "ABC013" 1 1 0 0 1 1 1 0 1 0 0 0 1 1 1 0 1 0 1 1 0 0 0 0 0 0 1 1 1 1
"14" "ABC014" 1 1 1 1 1 0 1 1 1 1 0 0 1 1 1 1 1 1 1 1 0 0 0 1 1 1 0 0 1 0
"15" "ABC015" 1 1 1 0 1 1 0 1 1 1 1 1 1 1 1 1 1 1 0 1 1 0 0 0 0 1 1 1 1 1
"16" "ABC016" 1 1 0 0 1 1 0 1 1 1 1 1 1 1 1 0 1 1 1 1 0 1 1 0 1 1 1 0 1 1
"17" "ABC017" 0 1 1 0 1 1 1 0 1 0 0 0 1 1 1 0 1 1 1 1 1 0 0 1 1 0 0 0 1 1
"18" "ABC018" 1 1 0 0 1 1 1 1 1 0 1 1 1 1 1 1 1 1 1 1 0 1 1 0 1 0 1 0 0 0
"19" "ABC019" 1 1 0 0 1 1 1 1 1 1 0 0 1 1 1 1 1 1 1 1 0 0 0 1 0 1 1 0 1 1
"20" "ABC020" 1 1 0 0 1 1 1 0 1 1 0 0 1 1 1 1 1 0 1 1 1 0 0 0 0 0 1 0 1 1
"21" "ABC021" 0 1 1 1 1 1 1 1 1 1 0 0 1 1 0 0 1 1 1 1 0 1 1 1 1 1 1 0 1 1
"22" "ABC022" 1 1 1 1 1 1 1 1 1 0 1 1 1 1 1 1 1 1 1 1 1 0 0 0 0 0 0 1 0 1
"23" "ABC023" 1 1 1 0 1 1 1 1 1 1 0 0 1 1 1 1 1 1 1 1 0 1 1 1 1 1 0 1 1 0
"24" "ABC024" 1 1 1 1 1 1 0 1 1 1 1 1 1 1 1 1 1 1 1 0 1 0 0 1 0 1 1 0 1 0
"25" "ABC025" 1 1 0 0 1 1 0 0 1 1 0 1 1 1 0 1 1 1 1 1 0 1 1 1 1 1 1 1 1 1
"26" "ABC026" 0 1 1 1 1 1 0 0 1 0 0 1 1 1 1 0 1 1 1 1 1 0 0 0 1 1 1 0 1 1
"27" "ABC027" 0 1 0 1 1 1 1 1 1 1 1 1 1 1 1 1 1 1 1 1 1 1 1 0 0 1 1 1 0 0
"28" "ABC028" 0 1 1 1 1 1 1 1 1 1 0 0 1 1 1 0 1 1 1 1 1 1 1 1 1 0 1 1 0 1
"29" "ABC029" 1 1 1 1 1 1 1 1 1 1 1 0 1 1 1 1 1 1 1 1 0 1 1 0 0 1 1 1 0 1
"30" "ABC030" 1 1 1 1 1 1 0 1 1 1 0 1 1 1 1 1 1 1 0 1 0 0 0 1 1 1 0 1 1 0
"31" "ABC031" 1 1 0 1 1 1 1 1 1 1 0 1 1 1 1 0 1 1 1 0 1 0 0 0 1 1 1 0 1 1
"32" "ABC032" 0 1 0 1 1 1 1 1 1 1 0 1 1 1 1 0 1 1 1 1 0 1 1 1 0 1 0 0 1 1
"33" "ABC033" 1 1 1 1 1 1 1 0 1 1 0 0 1 1 1 0 1 1 1 1 1 0 0 1 1 0 0 1 0 0
"34" "ABC034" 1 1 0 1 1 1 1 1 1 1 0 1 1 1 1 0 1 1 1 1 0 1 1 0 1 0 1 1 1 1
"35" "ABC035" 0 1 0 1 1 1 1 0 1 0 1 0 1 1 0 0 0 1 1 1 1 0 1 0 0 1 1 1 1 0
"36" "ABC036" 0 1 1 1 1 1 1 1 1 1 0 0 1 1 1 0 1 1 1 1 1 0 1 0 1 1 1 0 1 1
